200015873,masculino,18,universal,nao declarado,engenharia_mecatronica,df,Vestibular,0.000000,0.967742,0.032258,Formatura
201080834,feminino,17,universal,particular,engenharia_redes,outros,Vestibular,0.000000,0.942857,0.057143,Desligamento Voluntario
200630276,masculino,25,universal,nao declarado,cic_licenciatura,outros,Vestibular,0.500000,0.500000,0.000000,Deslig - Nao Cumpriu condicao
201097221,masculino,16,universal,particular,engenharia_software,outros,Vestibular,0.017857,0.946429,0.035714,Formatura
200540161,masculino,20,universal,nao declarado,engenharia_mecatronica,outros,Vestibular,0.048387,0.919355,0.032258,Formatura
200015881,masculino,18,universal,nao declarado,engenharia_mecatronica,df,Vestibular,0.015152,0.969697,0.015152,Formatura
200540170,masculino,19,universal,nao declarado,engenharia_redes,outros,Vestibular,0.114754,0.852459,0.032787,Formatura
201082199,masculino,19,universal,particular,engenharia_software,df,Vestibular,0.076923,0.830769,0.092308,Formatura
201097228,masculino,19,universal,particular,engenharia_mecatronica,outros,Vestibular,0.192308,0.769231,0.038462,Desligamento - Abandono
200413186,feminino,18,universal,nao declarado,cic_bacharelado,df,PAS,0.017857,0.982143,0.000000,Formatura
200597520,masculino,19,universal,particular,engenharia_mecatronica,outros,Vestibular,0.062500,0.937500,0.000000,Formatura
201089041,masculino,19,universal,publica,engenharia_computacao,outros,Vestibular,0.486486,0.351351,0.162162,Rep 3 vezes na mesma Disc Obrig
200015890,masculino,19,universal,nao declarado,engenharia_mecatronica,outros,Vestibular,0.000000,0.833333,0.166667,Desligamento Voluntario
201089043,masculino,24,universal,publica,cic_licenciatura,df,Vestibular,0.156250,0.812500,0.031250,Formatura
200693081,masculino,25,universal,nao declarado,cic_licenciatura,df,Vestibular,0.857143,0.142857,0.000000,Deslig - Nao Cumpriu condicao
201080857,feminino,20,universal,publica,engenharia_redes,outros,Vestibular,0.100000,0.900000,0.000000,Desligamento - Abandono
201080860,feminino,18,universal,particular,cic_bacharelado,df,Vestibular,0.200000,0.757143,0.042857,Formatura
200753181,masculino,41,universal,nao declarado,cic_licenciatura,outros,Vestibular,0.857143,0.142857,0.000000,Deslig - Nao Cumpriu condicao
200237086,masculino,21,universal,nao declarado,engenharia_redes,df,Vestibular,0.000000,0.981481,0.018519,Formatura
201121823,masculino,19,universal,particular,engenharia_software,df,PAS,0.238095,0.523810,0.238095,Novo Vestibular
200523810,masculino,19,universal,nao declarado,cic_licenciatura,df,PAS,0.666667,0.333333,0.000000,Deslig - Nao Cumpriu condicao
200245283,masculino,18,universal,nao declarado,engenharia_mecatronica,df,Vestibular,0.129032,0.774194,0.096774,Desligamento Voluntario
201070723,masculino,18,universal,particular,engenharia_mecatronica,df,PAS,0.013158,0.986842,0.000000,Formatura
201105446,masculino,28,universal,publica,cic_bacharelado,outros,Vestibular,0.000000,1.000000,0.000000,Formatura
200015911,masculino,16,universal,nao declarado,engenharia_mecatronica,df,Vestibular,0.000000,1.000000,0.000000,Desligamento - Abandono
201089065,masculino,23,universal,particular,engenharia_redes,df,Vestibular,0.700000,0.300000,0.000000,Desligamento - Abandono
200532011,masculino,24,universal,nao declarado,cic_bacharelado,outros,Vestibular,0.434783,0.478261,0.086957,Deslig - Nao Cumpriu condicao
200622125,masculino,19,universal,,cic_licenciatura,df,PAS,0.311475,0.672131,0.016393,Formatura
200745006,feminino,19,universal,particular,cic_bacharelado,df,Vestibular,0.208333,0.791667,0.000000,Formatura
201080880,masculino,17,negro,particular,engenharia_computacao,outros,Vestibular,0.625000,0.375000,0.000000,Rep 3 vezes na mesma Disc Obrig
200941620,masculino,19,negro,,engenharia_mecatronica,df,Vestibular,0.551724,0.413793,0.034483,Rep 3 vezes na mesma Disc Obrig
201187382,feminino,26,universal,particular,cic_bacharelado,indisponível,Convenio-Int,0.333333,0.666667,0.000000,Ex-Aluno (Decreto 477)
201089081,masculino,20,universal,publica,engenharia_software,df,Vestibular,0.371429,0.485714,0.142857,Deslig - Nao Cumpriu condicao
200238431,masculino,48,universal,nao declarado,cic_licenciatura,outros,Vestibular,0.600000,0.400000,0.000000,Desligamento Voluntario
200278076,masculino,21,universal,nao declarado,engenharia_mecatronica,df,Vestibular,0.114286,0.885714,0.000000,Formatura
201048074,masculino,20,negro,publica,engenharia_software,df,Vestibular,0.112903,0.822581,0.064516,Formatura
200736830,masculino,18,universal,particular,engenharia_redes,df,PAS,0.000000,1.000000,0.000000,Formatura
200679488,masculino,18,negro,particular,engenharia_mecatronica,outros,Vestibular,0.000000,1.000000,0.000000,Formatura
200015938,masculino,18,universal,nao declarado,engenharia_mecatronica,df,Vestibular,0.000000,1.000000,0.000000,Formatura
200523844,feminino,19,universal,,cic_licenciatura,df,PAS,0.210526,0.771930,0.017544,Desligamento - Abandono
201080903,masculino,23,universal,particular,engenharia_redes,outros,Vestibular,0.230769,0.576923,0.192308,Deslig - Nao Cumpriu condicao
200835145,masculino,22,negro,nao declarado,cic_licenciatura,df,Vestibular,0.366667,0.633333,0.000000,Deslig - Nao Cumpriu condicao
200237132,masculino,18,universal,nao declarado,engenharia_mecatronica,outros,Vestibular,0.060606,0.924242,0.015152,Formatura
201080909,masculino,18,universal,particular,cic_licenciatura,df,Vestibular,0.169811,0.754717,0.075472,Formatura
200998991,feminino,23,universal,particular,engenharia_mecatronica,outros,Vestibular,0.000000,1.000000,0.000000,Formatura
201080914,masculino,18,universal,particular,engenharia_software,outros,Vestibular,0.017857,0.964286,0.017857,Formatura
200052973,masculino,19,universal,nao declarado,cic_licenciatura,df,PAS,0.088889,0.888889,0.022222,Formatura
201097302,feminino,17,universal,publica,engenharia_computacao,df,Vestibular,0.769231,0.230769,0.000000,Deslig - Nao Cumpriu condicao
200015962,masculino,18,universal,nao declarado,engenharia_mecatronica,outros,Vestibular,0.000000,1.000000,0.000000,Desligamento Voluntario
200433756,masculino,20,universal,nao declarado,cic_licenciatura,outros,Vestibular,0.171429,0.800000,0.028571,Desligamento - Abandono
200990817,masculino,17,universal,particular,engenharia_mecatronica,df,Vestibular,0.096774,0.903226,0.000000,Novo Vestibular
200015971,feminino,19,universal,nao declarado,engenharia_mecatronica,outros,Vestibular,0.146667,0.813333,0.040000,Formatura
201113701,masculino,17,universal,particular,engenharia_software,df,Vestibular,0.466667,0.466667,0.066667,Desligamento Voluntario
201080849,masculino,22,universal,particular,engenharia_mecatronica,outros,Vestibular,0.384615,0.461538,0.153846,Desligamento - Abandono
201113706,masculino,28,universal,particular,cic_licenciatura,outros,Vestibular,0.133333,0.766667,0.100000,Deslig - Nao Cumpriu condicao
200687634,masculino,18,negro,particular,engenharia_mecatronica,outros,Vestibular,0.019608,0.980392,0.000000,Formatura
200114286,masculino,19,universal,nao declarado,cic_bacharelado,df,Vestibular,0.090909,0.833333,0.075758,Formatura
200482927,masculino,24,universal,nao declarado,cic_bacharelado,df,Vestibular,0.065574,0.885246,0.049180,Formatura
200286320,masculino,45,universal,nao declarado,cic_licenciatura,outros,Vestibular,0.461538,0.538462,0.000000,Deslig - Nao Cumpriu condicao
201080945,masculino,17,universal,particular,engenharia_computacao,df,Vestibular,0.033898,0.966102,0.000000,Formatura
201080946,masculino,25,universal,nao declarado,cic_licenciatura,df,Vestibular,0.400000,0.600000,0.000000,Rep 3 vezes na mesma Disc Obrig
200589331,feminino,22,negro,nao declarado,cic_licenciatura,outros,Vestibular,0.555556,0.444444,0.000000,Deslig - Nao Cumpriu condicao
200908916,masculino,18,universal,,engenharia_redes,df,PAS,0.565217,0.434783,0.000000,Deslig - Nao Cumpriu condicao
201080950,masculino,17,universal,particular,engenharia_software,df,Vestibular,0.080645,0.903226,0.016129,Formatura
200335479,masculino,18,universal,nao declarado,engenharia_mecatronica,outros,Vestibular,0.000000,1.000000,0.000000,Formatura
201096095,masculino,27,universal,particular,cic_bacharelado,df,Vestibular,0.400000,0.600000,0.000000,Deslig - Nao Cumpriu condicao
200827002,masculino,34,negro,nao declarado,engenharia_mecatronica,df,Vestibular,0.687500,0.312500,0.000000,Rep 3 vezes na mesma Disc Obrig
200015997,masculino,19,universal,nao declarado,engenharia_mecatronica,df,Vestibular,0.000000,1.000000,0.000000,Formatura
200515710,feminino,19,universal,nao declarado,cic_bacharelado,df,PAS,0.000000,0.982456,0.017544,Formatura
201089152,feminino,19,negro,particular,engenharia_redes,df,Vestibular,0.611111,0.333333,0.055556,Rep 3 vezes na mesma Disc Obrig
201113729,masculino,18,universal,particular,engenharia_computacao,df,Vestibular,0.466667,0.466667,0.066667,Novo Vestibular
200630403,masculino,20,universal,nao declarado,cic_bacharelado,df,Vestibular,0.036364,0.927273,0.036364,Formatura
200155268,feminino,21,universal,nao declarado,cic_bacharelado,outros,Transferencia Obrigatoria,0.080645,0.887097,0.032258,Formatura
201105542,masculino,19,universal,publica,engenharia_software,df,Vestibular,0.424242,0.454545,0.121212,Rep 3 vezes na mesma Disc Obrig
200482951,masculino,19,negro,nao declarado,cic_licenciatura,df,Vestibular,0.218182,0.763636,0.018182,Formatura
201080968,feminino,18,negro,particular,engenharia_mecatronica,df,Vestibular,0.461538,0.487179,0.051282,Desligamento - Abandono
200016012,masculino,17,universal,nao declarado,engenharia_mecatronica,outros,Vestibular,0.102564,0.743590,0.153846,Desligamento Voluntario
201080974,masculino,18,negro,particular,engenharia_redes,df,Vestibular,0.846154,0.076923,0.076923,Deslig - Nao Cumpriu condicao
200016021,masculino,17,universal,nao declarado,engenharia_mecatronica,outros,Vestibular,0.371429,0.557143,0.071429,Desligamento Voluntario
200236063,masculino,20,universal,nao declarado,cic_bacharelado,outros,Vestibular,0.100000,0.900000,0.000000,Transferencia
201080987,masculino,19,universal,,cic_licenciatura,df,Vestibular,0.384615,0.615385,0.000000,Deslig - Nao Cumpriu condicao
200431052,masculino,21,universal,nao declarado,cic_licenciatura,df,Vestibular,0.267857,0.732143,0.000000,Desligamento - Abandono
200523933,masculino,19,universal,nao declarado,cic_licenciatura,df,PAS,0.363636,0.454545,0.181818,Deslig - Nao Cumpriu condicao
200646814,masculino,20,universal,nao declarado,engenharia_mecatronica,df,Vestibular,0.095238,0.904762,0.000000,Desligamento Voluntario
200515744,feminino,18,universal,nao declarado,engenharia_redes,df,PAS,0.217391,0.782609,0.000000,Desligamento Voluntario
201069936,masculino,19,universal,,engenharia_mecatronica,df,PAS,0.075000,0.925000,0.000000,Novo Vestibular
200376485,masculino,16,universal,nao declarado,engenharia_mecatronica,outros,Vestibular,0.000000,1.000000,0.000000,Desligamento - Abandono
200016039,masculino,18,universal,nao declarado,engenharia_mecatronica,df,Vestibular,0.083333,0.916667,0.000000,Desligamento - Abandono
200679593,masculino,17,universal,nao declarado,cic_bacharelado,outros,Vestibular,0.533333,0.466667,0.000000,Deslig - Nao Cumpriu condicao
201146538,masculino,19,universal,publica,engenharia_computacao,df,Transferencia Obrigatoria,0.800000,0.133333,0.066667,Rep 3 vezes na mesma Disc Obrig
201081003,masculino,18,universal,nao declarado,cic_licenciatura,outros,Vestibular,0.318182,0.681818,0.000000,Desligamento - Abandono
201081004,masculino,31,universal,particular,cic_bacharelado,outros,Vestibular,0.205882,0.764706,0.029412,Deslig - Nao Cumpriu condicao
200332658,masculino,23,universal,nao declarado,cic_bacharelado,outros,Vestibular,0.037037,0.962963,0.000000,Formatura
200016047,masculino,18,universal,nao declarado,engenharia_mecatronica,df,Vestibular,0.352381,0.600000,0.047619,Formatura
201113776,masculino,18,universal,publica,cic_licenciatura,outros,Vestibular,0.428571,0.428571,0.142857,Deslig - Nao Cumpriu condicao
200474801,feminino,30,universal,nao declarado,cic_bacharelado,outros,Transferencia Obrigatoria,0.400000,0.600000,0.000000,Desligamento Decisao Judicial
200220850,masculino,18,universal,nao declarado,engenharia_redes,df,PAS,0.000000,1.000000,0.000000,Formatura
200343731,feminino,22,universal,nao declarado,cic_licenciatura,outros,Vestibular,0.666667,0.333333,0.000000,Deslig - Nao Cumpriu condicao
201072670,feminino,26,universal,nao declarado,cic_bacharelado,indisponível,Matricula Cortesia,0.750000,0.250000,0.000000,Desligamento Voluntario
200597686,masculino,21,universal,nao declarado,cic_bacharelado,df,Vestibular,0.722222,0.222222,0.055556,Deslig - Nao Cumpriu condicao
200753335,masculino,22,universal,nao declarado,cic_bacharelado,outros,Vestibular,0.000000,1.000000,0.000000,Formatura
200990906,masculino,18,universal,particular,cic_bacharelado,outros,Vestibular,0.137931,0.862069,0.000000,Novo Vestibular
201081019,masculino,17,universal,particular,engenharia_software,df,Vestibular,0.090909,0.818182,0.090909,Formatura
200245437,masculino,18,universal,nao declarado,engenharia_redes,df,Vestibular,0.454545,0.545455,0.000000,Desligamento - Abandono
201121982,masculino,18,universal,particular,engenharia_redes,df,PAS,0.600000,0.300000,0.100000,Deslig - Nao Cumpriu condicao
200016063,masculino,17,universal,nao declarado,engenharia_mecatronica,df,Vestibular,0.000000,1.000000,0.000000,Formatura
201097409,masculino,18,universal,particular,engenharia_computacao,df,Vestibular,0.102941,0.779412,0.117647,Formatura
201162947,masculino,18,universal,particular,cic_licenciatura,df,PAS,0.363636,0.636364,0.000000,Deslig - Nao Cumpriu condicao
200016071,masculino,16,universal,nao declarado,engenharia_mecatronica,outros,Vestibular,0.016393,0.983607,0.000000,Formatura
201089224,masculino,23,universal,particular,cic_bacharelado,df,Vestibular,0.054054,0.864865,0.081081,Formatura
200319180,masculino,18,universal,nao declarado,engenharia_mecatronica,df,PAS,0.142857,0.857143,0.000000,Desligamento Voluntario
200835277,masculino,19,universal,,engenharia_mecatronica,df,Vestibular,0.500000,0.473684,0.026316,Rep 3 vezes na mesma Disc Obrig
200433870,masculino,20,universal,nao declarado,engenharia_redes,outros,Vestibular,0.131148,0.868852,0.000000,Formatura
200589519,masculino,32,universal,nao declarado,cic_licenciatura,df,Vestibular,0.571429,0.428571,0.000000,Desligamento Voluntario
200016080,masculino,18,universal,nao declarado,engenharia_mecatronica,df,Vestibular,0.000000,1.000000,0.000000,Formatura
201080867,masculino,25,negro,publica,engenharia_mecatronica,df,Vestibular,0.235294,0.764706,0.000000,Novo Vestibular
201088187,masculino,21,universal,particular,engenharia_computacao,outros,PAS,0.636364,0.272727,0.090909,Desligamento Voluntario
200689017,masculino,19,universal,nao declarado,cic_licenciatura,df,Vestibular,0.156863,0.784314,0.058824,Formatura
201162969,masculino,18,universal,particular,cic_bacharelado,df,PAS,0.538462,0.384615,0.076923,Deslig - Nao Cumpriu condicao
201097434,masculino,23,universal,particular,engenharia_redes,df,Vestibular,0.000000,1.000000,0.000000,Desligamento - Abandono
200179931,masculino,39,universal,nao declarado,cic_licenciatura,outros,Vestibular,0.255814,0.744186,0.000000,Desligamento - Abandono
200193402,masculino,19,universal,nao declarado,cic_licenciatura,df,Vestibular,0.430556,0.569444,0.000000,Formatura
201081055,masculino,19,universal,publica,engenharia_redes,outros,Vestibular,0.384615,0.589744,0.025641,Deslig - Nao Cumpriu condicao
200417505,masculino,18,universal,nao declarado,cic_licenciatura,df,PAS,0.523810,0.428571,0.047619,Deslig - Nao Cumpriu condicao
200016098,masculino,19,universal,nao declarado,engenharia_mecatronica,df,Vestibular,0.075758,0.909091,0.015152,Formatura
200624730,masculino,18,universal,particular,engenharia_mecatronica,df,PAS,0.000000,0.984127,0.015873,Formatura
201113829,masculino,18,universal,particular,engenharia_software,df,Vestibular,0.285714,0.619048,0.095238,Desligamento Voluntario
201122026,masculino,19,universal,publica,engenharia_software,df,PAS,0.344828,0.517241,0.137931,Rep 3 vezes na mesma Disc Obrig
200835307,masculino,17,negro,publica,engenharia_redes,df,Vestibular,0.018868,0.981132,0.000000,Formatura
200016110,masculino,19,universal,nao declarado,engenharia_mecatronica,outros,Vestibular,0.000000,1.000000,0.000000,Formatura
201096917,masculino,20,negro,publica,engenharia_computacao,df,Vestibular,0.777778,0.222222,0.000000,Deslig - Nao Cumpriu condicao
200835315,masculino,18,universal,publica,engenharia_mecatronica,outros,Vestibular,0.047619,0.952381,0.000000,Formatura
201154804,masculino,23,universal,particular,engenharia_redes,df,Vestibular,1.000000,0.000000,0.000000,Desligamento - Abandono
200335606,masculino,26,universal,nao declarado,cic_licenciatura,outros,Vestibular,0.363636,0.545455,0.090909,Desligamento - Abandono
200518891,masculino,18,universal,nao declarado,engenharia_mecatronica,outros,PAS,0.015625,0.984375,0.000000,Formatura
200278271,masculino,20,universal,nao declarado,cic_licenciatura,df,Vestibular,0.024390,0.951220,0.024390,Formatura
200016128,masculino,18,universal,nao declarado,engenharia_mecatronica,outros,Vestibular,0.223529,0.729412,0.047059,Formatura
201113857,masculino,24,universal,particular,engenharia_redes,df,Vestibular,1.000000,0.000000,0.000000,Deslig - Nao Cumpriu condicao
200285935,masculino,17,universal,nao declarado,engenharia_redes,df,Vestibular,0.000000,1.000000,0.000000,Formatura
200385921,masculino,41,universal,nao declarado,cic_licenciatura,outros,Vestibular,0.450000,0.500000,0.050000,Deslig - Nao Cumpriu condicao
200016136,masculino,20,universal,nao declarado,engenharia_mecatronica,df,Vestibular,0.000000,1.000000,0.000000,Desligamento Voluntario
200909068,masculino,19,universal,particular,cic_bacharelado,df,PAS,0.000000,1.000000,0.000000,Novo Vestibular
200291714,masculino,18,universal,nao declarado,engenharia_redes,df,Vestibular,0.236364,0.745455,0.018182,Rep 3 vezes na mesma Disc Obrig
200016144,masculino,18,universal,nao declarado,engenharia_mecatronica,df,Vestibular,0.015152,0.969697,0.015152,Formatura
201088189,masculino,19,universal,particular,engenharia_redes,outros,PAS,0.063492,0.904762,0.031746,Formatura
201105682,masculino,19,universal,particular,cic_licenciatura,df,Vestibular,0.357143,0.500000,0.142857,Deslig - Nao Cumpriu condicao
200196371,masculino,38,universal,nao declarado,engenharia_redes,outros,Vestibular,0.300000,0.700000,0.000000,Deslig - Nao Cumpriu condicao
201105684,masculino,18,universal,particular,engenharia_mecatronica,df,Vestibular,0.048387,0.951613,0.000000,Formatura
201105686,masculino,31,universal,particular,cic_bacharelado,df,Vestibular,0.769231,0.230769,0.000000,Deslig - Nao Cumpriu condicao
201113881,masculino,20,universal,particular,engenharia_redes,outros,Vestibular,0.333333,0.666667,0.000000,Novo Vestibular
200294683,masculino,26,universal,nao declarado,cic_licenciatura,outros,Vestibular,0.666667,0.266667,0.066667,Deslig - Nao Cumpriu condicao
200417564,masculino,18,universal,nao declarado,cic_bacharelado,df,PAS,0.148148,0.703704,0.148148,Deslig - Nao Cumpriu condicao
200278301,masculino,22,universal,nao declarado,cic_licenciatura,df,Vestibular,0.133333,0.800000,0.066667,Deslig - Nao Cumpriu condicao
201081119,masculino,22,universal,publica,cic_licenciatura,df,Vestibular,0.388889,0.611111,0.000000,Deslig - Nao Cumpriu condicao
201140955,masculino,19,universal,particular,engenharia_computacao,df,PAS,0.700000,0.300000,0.000000,Novo Vestibular
200483109,masculino,18,universal,nao declarado,cic_bacharelado,df,Vestibular,0.049180,0.918033,0.032787,Formatura
200737062,masculino,19,universal,nao declarado,engenharia_redes,outros,PAS,0.378378,0.621622,0.000000,Novo Vestibular
201105703,masculino,20,negro,particular,engenharia_redes,outros,Vestibular,0.615385,0.384615,0.000000,Deslig - Nao Cumpriu condicao
201113898,masculino,22,negro,publica,cic_licenciatura,df,Vestibular,0.200000,0.777778,0.022222,Formatura
201122091,masculino,18,universal,particular,engenharia_computacao,outros,PAS,0.130435,0.869565,0.000000,Novo Vestibular
201105708,masculino,18,negro,particular,cic_bacharelado,df,Vestibular,0.642857,0.285714,0.071429,Deslig - Nao Cumpriu condicao
200376621,masculino,24,universal,nao declarado,cic_bacharelado,df,Vestibular,0.833333,0.166667,0.000000,Deslig - Nao Cumpriu condicao
200278319,masculino,20,universal,nao declarado,engenharia_redes,df,Vestibular,0.357143,0.607143,0.035714,Deslig - Nao Cumpriu condicao
201105713,masculino,18,universal,particular,engenharia_mecatronica,outros,Vestibular,0.363636,0.575758,0.060606,Deslig - Nao Cumpriu condicao
201081138,masculino,17,universal,particular,engenharia_software,df,Vestibular,0.132353,0.779412,0.088235,Formatura
201113908,masculino,17,universal,particular,engenharia_computacao,outros,Vestibular,0.375000,0.541667,0.083333,Desligamento - Abandono
200483125,masculino,21,universal,nao declarado,cic_licenciatura,df,Vestibular,0.218182,0.745455,0.036364,Rep 3 vezes na mesma Disc Obrig
201122103,masculino,19,universal,particular,engenharia_computacao,df,PAS,0.250000,0.593750,0.156250,Novo Vestibular
201171256,masculino,26,universal,particular,cic_licenciatura,df,Vestibular,0.250000,0.625000,0.125000,Deslig - Nao Cumpriu condicao
200278068,masculino,21,universal,nao declarado,engenharia_redes,outros,Vestibular,0.100000,0.900000,0.000000,Formatura
201081148,masculino,31,universal,,cic_licenciatura,df,Vestibular,0.444444,0.555556,0.000000,Deslig - Nao Cumpriu condicao
201154879,masculino,22,universal,particular,cic_bacharelado,indisponível,Convenio-Int,0.000000,1.000000,0.000000,Desligamento Forca de Convenio
201007424,masculino,19,universal,,cic_licenciatura,outros,Vestibular,0.132075,0.811321,0.056604,Formatura
201072963,masculino,18,universal,particular,engenharia_mecatronica,df,PAS,0.000000,1.000000,0.000000,Formatura
201105732,masculino,19,universal,particular,engenharia_redes,outros,Vestibular,0.333333,0.484848,0.181818,Desligamento Voluntario
200827207,masculino,23,universal,nao declarado,cic_licenciatura,outros,Vestibular,0.500000,0.500000,0.000000,Rep 3 vezes na mesma Disc Obrig
201072968,feminino,18,universal,particular,engenharia_mecatronica,df,PAS,0.000000,0.984848,0.015152,Formatura
201081161,masculino,51,universal,particular,engenharia_redes,outros,Vestibular,0.800000,0.200000,0.000000,Deslig - Nao Cumpriu condicao
200130893,masculino,24,universal,nao declarado,cic_bacharelado,df,Vestibular,0.083333,0.916667,0.000000,Formatura
200284301,masculino,18,universal,nao declarado,engenharia_redes,df,Vestibular,0.000000,1.000000,0.000000,Formatura
201097555,feminino,31,universal,particular,cic_licenciatura,outros,Vestibular,0.571429,0.142857,0.285714,Deslig - Nao Cumpriu condicao
201097556,feminino,20,negro,publica,engenharia_mecatronica,df,Vestibular,0.235294,0.676471,0.088235,Deslig - Nao Cumpriu condicao
200245593,masculino,19,universal,nao declarado,cic_bacharelado,outros,Vestibular,0.157143,0.800000,0.042857,Formatura
201154908,masculino,23,universal,publica,engenharia_mecatronica,indisponível,Convenio-Int,0.000000,1.000000,0.000000,Desligamento Forca de Convenio
200491357,masculino,18,universal,nao declarado,cic_bacharelado,df,Vestibular,0.000000,1.000000,0.000000,Formatura
201097570,feminino,18,universal,particular,engenharia_mecatronica,outros,Vestibular,0.326531,0.612245,0.061224,Novo Vestibular
200241211,masculino,18,universal,nao declarado,engenharia_mecatronica,outros,PAS,0.290909,0.690909,0.018182,Desligamento Voluntario
200294756,masculino,18,universal,nao declarado,cic_licenciatura,df,Vestibular,0.333333,0.666667,0.000000,Transferencia
200948454,masculino,19,universal,publica,engenharia_redes,df,Vestibular,0.229508,0.770492,0.000000,Formatura
200539899,masculino,20,universal,nao declarado,engenharia_mecatronica,outros,Vestibular,0.138889,0.847222,0.013889,Formatura
201073000,masculino,18,universal,particular,engenharia_software,outros,Vestibular,0.000000,1.000000,0.000000,Formatura
201113660,masculino,26,universal,publica,cic_licenciatura,outros,Vestibular,0.153846,0.846154,0.000000,Desligamento - Abandono
200311146,masculino,18,universal,nao declarado,engenharia_mecatronica,outros,Vestibular,0.250000,0.750000,0.000000,Desligamento - Abandono
201089390,feminino,19,negro,particular,engenharia_computacao,outros,Vestibular,0.250000,0.656250,0.093750,Novo Vestibular
200343919,masculino,19,universal,nao declarado,engenharia_redes,df,Vestibular,0.280000,0.706667,0.013333,Formatura
200851825,feminino,20,universal,publica,engenharia_redes,outros,Vestibular,0.177419,0.822581,0.000000,Formatura
200130931,masculino,21,universal,nao declarado,cic_bacharelado,outros,Transferencia Obrigatoria,0.000000,1.000000,0.000000,Desligamento - Abandono
201171317,masculino,19,universal,particular,cic_bacharelado,df,Vestibular,0.800000,0.200000,0.000000,Deslig - Nao Cumpriu condicao
201122167,masculino,18,universal,particular,cic_bacharelado,outros,PAS,0.565217,0.260870,0.173913,Deslig - Nao Cumpriu condicao
200581496,masculino,20,negro,nao declarado,cic_bacharelado,df,Vestibular,0.095238,0.904762,0.000000,Formatura
201082260,masculino,17,universal,particular,cic_bacharelado,outros,Vestibular,0.035088,0.964912,0.000000,Formatura
201073018,masculino,18,universal,particular,engenharia_software,df,Vestibular,0.017544,0.947368,0.035088,Formatura
201113979,masculino,23,negro,publica,cic_bacharelado,df,Vestibular,1.000000,0.000000,0.000000,Deslig - Nao Cumpriu condicao
200993514,masculino,17,universal,,engenharia_mecatronica,outros,Vestibular,0.000000,1.000000,0.000000,Formatura
201097598,masculino,17,universal,publica,engenharia_redes,outros,Vestibular,0.513514,0.432432,0.054054,Deslig - Nao Cumpriu condicao
200122751,masculino,18,universal,nao declarado,engenharia_redes,df,PAS,0.000000,1.000000,0.000000,Formatura
201105792,feminino,18,universal,particular,engenharia_redes,outros,Vestibular,0.636364,0.227273,0.136364,Deslig - Nao Cumpriu condicao
200319040,feminino,18,universal,nao declarado,engenharia_redes,df,Vestibular,0.000000,1.000000,0.000000,Formatura
200827266,masculino,29,universal,nao declarado,cic_bacharelado,df,Vestibular,0.500000,0.500000,0.000000,Deslig - Nao Cumpriu condicao
200499587,masculino,19,negro,particular,engenharia_mecatronica,df,Vestibular,0.223684,0.776316,0.000000,Rep 3 vezes na mesma Disc Obrig
200696196,masculino,18,universal,particular,engenharia_mecatronica,outros,Vestibular,0.032258,0.951613,0.016129,Formatura
200278408,masculino,24,universal,nao declarado,cic_licenciatura,df,Vestibular,0.250000,0.750000,0.000000,Desligamento - Abandono
201073034,masculino,18,universal,,engenharia_software,outros,Vestibular,0.222222,0.638889,0.138889,Novo Vestibular
201097612,masculino,17,universal,particular,cic_bacharelado,df,Vestibular,0.590909,0.409091,0.000000,Deslig - Nao Cumpriu condicao
201081229,masculino,18,universal,particular,engenharia_mecatronica,outros,Vestibular,0.357143,0.642857,0.000000,Transferencia
200483214,masculino,17,universal,nao declarado,engenharia_mecatronica,outros,Vestibular,0.000000,1.000000,0.000000,Formatura
200248045,masculino,20,universal,nao declarado,engenharia_redes,outros,Vestibular,0.378378,0.540541,0.081081,Deslig - Nao Cumpriu condicao
201081238,masculino,17,universal,particular,engenharia_mecatronica,df,Vestibular,0.058824,0.941176,0.000000,Novo Vestibular
201102745,masculino,19,universal,particular,engenharia_mecatronica,outros,PAS,0.000000,1.000000,0.000000,Formatura
200343960,masculino,20,universal,,engenharia_mecatronica,df,Vestibular,0.219512,0.756098,0.024390,Formatura
200376388,masculino,29,universal,nao declarado,cic_licenciatura,df,Vestibular,0.166667,0.777778,0.055556,Desligamento Voluntario
200376281,masculino,17,universal,nao declarado,engenharia_redes,df,Vestibular,0.072727,0.890909,0.036364,Formatura
200294811,masculino,20,universal,nao declarado,cic_bacharelado,df,Vestibular,0.454545,0.477273,0.068182,Deslig - Nao Cumpriu condicao
200753564,masculino,24,universal,nao declarado,cic_licenciatura,outros,Vestibular,0.375000,0.625000,0.000000,Formatura
200434078,masculino,18,universal,nao declarado,cic_licenciatura,outros,Vestibular,0.500000,0.500000,0.000000,Desligamento - Abandono
201114015,masculino,20,universal,particular,engenharia_computacao,indisponível,Vestibular,0.000000,0.969697,0.030303,Formatura
201073059,masculino,18,universal,particular,engenharia_software,df,Vestibular,0.086207,0.879310,0.034483,Formatura
201073061,masculino,20,universal,particular,engenharia_software,df,Vestibular,0.185714,0.728571,0.085714,Formatura
201089446,masculino,18,negro,particular,engenharia_computacao,df,Vestibular,0.487805,0.487805,0.024390,Novo Vestibular
201081255,masculino,17,universal,particular,cic_bacharelado,df,Vestibular,0.500000,0.500000,0.000000,Deslig - Nao Cumpriu condicao
200638889,masculino,20,universal,nao declarado,cic_bacharelado,df,Vestibular,1.000000,0.000000,0.000000,Deslig - Nao Cumpriu condicao
201048490,masculino,20,universal,particular,engenharia_redes,df,Vestibular,0.027778,0.972222,0.000000,Formatura
201081260,masculino,19,universal,particular,cic_bacharelado,df,Vestibular,0.037037,0.962963,0.000000,Formatura
200237485,feminino,18,universal,nao declarado,engenharia_mecatronica,outros,Vestibular,0.000000,1.000000,0.000000,Formatura
200319406,masculino,18,universal,particular,engenharia_redes,outros,PAS,0.263158,0.736842,0.000000,Formatura
201073075,masculino,19,universal,particular,engenharia_software,outros,Vestibular,0.000000,0.981132,0.018868,Formatura
200052809,masculino,18,universal,nao declarado,engenharia_redes,df,PAS,0.033898,0.949153,0.016949,Formatura
200335801,masculino,19,universal,nao declarado,engenharia_mecatronica,df,Vestibular,0.015625,0.984375,0.000000,Formatura
200278459,feminino,18,universal,nao declarado,cic_bacharelado,outros,Vestibular,0.067797,0.915254,0.016949,Desligamento - Abandono
200180157,masculino,17,universal,nao declarado,engenharia_mecatronica,outros,Vestibular,0.000000,0.896552,0.103448,Desligamento Voluntario
201081278,masculino,18,universal,,engenharia_mecatronica,df,Vestibular,0.000000,1.000000,0.000000,Desligamento - Abandono
201105855,masculino,30,universal,publica,cic_licenciatura,outros,Vestibular,0.785714,0.214286,0.000000,Desligamento - Abandono
200131008,masculino,18,universal,nao declarado,engenharia_redes,outros,Vestibular,0.018182,0.963636,0.018182,Formatura
201081281,masculino,17,universal,particular,engenharia_redes,outros,Vestibular,0.473684,0.447368,0.078947,Deslig - Nao Cumpriu condicao
201097668,feminino,19,universal,particular,cic_bacharelado,indisponível,Vestibular,0.461538,0.538462,0.000000,Novo Vestibular
201089477,masculino,17,universal,particular,engenharia_computacao,df,Vestibular,0.000000,1.000000,0.000000,Formatura
201122249,masculino,20,universal,publica,cic_licenciatura,df,PAS,0.526316,0.368421,0.105263,Deslig - Nao Cumpriu condicao
201089483,masculino,19,negro,particular,cic_bacharelado,df,Vestibular,0.415094,0.509434,0.075472,Rep 3 vezes na mesma Disc Obrig
201155024,masculino,22,universal,publica,engenharia_mecatronica,indisponível,Convenio-Int,0.000000,1.000000,0.000000,Desligamento Forca de Convenio
200581585,masculino,21,universal,particular,engenharia_mecatronica,outros,Vestibular,0.265625,0.718750,0.015625,Deslig - Nao Cumpriu condicao
200532436,masculino,22,negro,nao declarado,cic_bacharelado,df,Vestibular,0.197183,0.774648,0.028169,Desligamento - Abandono
200376795,feminino,17,universal,nao declarado,cic_bacharelado,outros,Vestibular,0.079365,0.888889,0.031746,Formatura
201073117,masculino,18,negro,particular,engenharia_software,df,Vestibular,0.307692,0.576923,0.115385,Deslig - Nao Cumpriu condicao
201097696,masculino,18,universal,publica,engenharia_redes,df,Vestibular,0.555556,0.444444,0.000000,Desligamento - Abandono
200319457,masculino,19,universal,nao declarado,cic_licenciatura,outros,PAS,0.062500,0.854167,0.083333,Formatura
201081314,masculino,21,universal,particular,engenharia_software,df,Vestibular,0.028571,0.885714,0.085714,Formatura
200827363,feminino,21,universal,publica,cic_licenciatura,df,Vestibular,0.120000,0.880000,0.000000,Desligamento - Abandono
200532452,masculino,19,negro,particular,engenharia_redes,df,Vestibular,0.302632,0.671053,0.026316,Formatura
201073125,masculino,19,universal,particular,engenharia_software,df,Vestibular,0.144928,0.811594,0.043478,Formatura
200229351,feminino,19,universal,nao declarado,cic_licenciatura,df,PAS,0.615385,0.384615,0.000000,Deslig - Nao Cumpriu condicao
200491497,masculino,18,universal,nao declarado,engenharia_mecatronica,df,Vestibular,0.030303,0.969697,0.000000,Formatura
200122858,masculino,17,universal,nao declarado,cic_bacharelado,df,PAS,0.000000,1.000000,0.000000,Formatura
201155057,masculino,21,universal,publica,cic_bacharelado,indisponível,Matricula Cortesia,0.900000,0.100000,0.000000,Deslig - Nao Cumpriu condicao
201073138,masculino,22,universal,particular,engenharia_software,df,Vestibular,0.326087,0.652174,0.021739,Deslig - Nao Cumpriu condicao
201171443,masculino,25,negro,particular,cic_licenciatura,df,Vestibular,0.647059,0.058824,0.294118,Deslig - Nao Cumpriu condicao
200237558,feminino,19,universal,nao declarado,engenharia_redes,df,Vestibular,0.263158,0.666667,0.070175,Desligamento Voluntario
200999415,masculino,18,universal,nao declarado,cic_bacharelado,df,Vestibular,0.340426,0.638298,0.021277,Deslig - Nao Cumpriu condicao
200122874,masculino,18,universal,nao declarado,engenharia_redes,df,PAS,0.019608,0.960784,0.019608,Formatura
201048571,masculino,18,universal,particular,engenharia_software,indisponível,Vestibular,0.000000,0.981818,0.018182,Formatura
200168874,feminino,20,universal,nao declarado,cic_bacharelado,outros,Vestibular,0.315789,0.631579,0.052632,Desligamento - Abandono
201105918,masculino,27,universal,publica,cic_licenciatura,df,Vestibular,0.615385,0.384615,0.000000,Deslig - Nao Cumpriu condicao
200581631,masculino,24,universal,nao declarado,cic_licenciatura,outros,Vestibular,0.384615,0.615385,0.000000,Deslig - Nao Cumpriu condicao
201073152,masculino,18,universal,particular,engenharia_software,df,Vestibular,0.140625,0.843750,0.015625,Formatura
200335878,masculino,19,universal,nao declarado,engenharia_mecatronica,outros,Vestibular,0.525000,0.475000,0.000000,Deslig - Nao Cumpriu condicao
200298441,feminino,19,universal,nao declarado,cic_bacharelado,df,Vestibular,0.188406,0.811594,0.000000,Formatura
200368652,masculino,31,universal,nao declarado,cic_licenciatura,outros,Transferencia Obrigatoria,0.307692,0.615385,0.076923,Desligamento - Abandono
200229393,masculino,19,universal,nao declarado,cic_bacharelado,outros,PAS,0.350877,0.578947,0.070175,Deslig - Nao Cumpriu condicao
201073170,masculino,22,negro,,engenharia_software,df,Vestibular,0.333333,0.666667,0.000000,Novo Vestibular
201073171,masculino,19,universal,particular,engenharia_software,df,Vestibular,0.134328,0.820896,0.044776,Formatura
200294934,masculino,18,universal,nao declarado,engenharia_redes,outros,Vestibular,0.105263,0.894737,0.000000,Formatura
200344087,masculino,21,universal,nao declarado,cic_licenciatura,df,Vestibular,0.117647,0.705882,0.176471,Deslig - Nao Cumpriu condicao
200172057,masculino,31,universal,nao declarado,cic_licenciatura,outros,Vestibular,0.267606,0.676056,0.056338,Formatura
200344095,masculino,19,universal,nao declarado,engenharia_mecatronica,df,Vestibular,0.300000,0.633333,0.066667,Desligamento Voluntario
200737313,masculino,19,universal,particular,engenharia_redes,df,PAS,0.000000,1.000000,0.000000,Formatura
200114723,masculino,21,universal,nao declarado,cic_licenciatura,df,Vestibular,0.250000,0.750000,0.000000,Desligamento Voluntario
200499749,masculino,18,negro,particular,engenharia_redes,df,Vestibular,0.183333,0.816667,0.000000,Formatura
200245798,feminino,21,universal,nao declarado,engenharia_mecatronica,df,Vestibular,0.194805,0.779221,0.025974,Formatura
201073191,masculino,19,negro,publica,engenharia_software,df,Vestibular,0.118644,0.881356,0.000000,Formatura
201081385,feminino,17,universal,publica,engenharia_mecatronica,df,Vestibular,0.071429,0.928571,0.000000,Desligamento - Abandono
201114156,masculino,18,universal,particular,cic_bacharelado,df,Vestibular,0.833333,0.166667,0.000000,Novo Vestibular
200321800,masculino,20,universal,nao declarado,cic_licenciatura,df,PAS,0.228070,0.736842,0.035088,Formatura
200639923,masculino,20,negro,nao declarado,engenharia_redes,df,Vestibular,0.000000,1.000000,0.000000,Desligamento - Abandono
200827452,masculino,19,universal,nao declarado,cic_bacharelado,outros,Vestibular,0.000000,1.000000,0.000000,Formatura
201081408,masculino,37,universal,,cic_licenciatura,df,Vestibular,0.250000,0.750000,0.000000,Deslig - Nao Cumpriu condicao
200942146,masculino,18,negro,nao declarado,engenharia_mecatronica,df,Vestibular,0.210526,0.789474,0.000000,Novo Vestibular
201114180,masculino,20,universal,particular,engenharia_computacao,df,Vestibular,0.375000,0.500000,0.125000,Rep 3 vezes na mesma Disc Obrig
200335941,masculino,33,universal,nao declarado,cic_licenciatura,df,Vestibular,0.545455,0.363636,0.090909,Deslig - Nao Cumpriu condicao
201073222,masculino,18,universal,particular,engenharia_software,df,Vestibular,0.000000,0.962963,0.037037,Formatura
201146953,masculino,22,universal,publica,cic_bacharelado,outros,Transferencia Obrigatoria,0.344828,0.655172,0.000000,Novo Vestibular
200278602,masculino,18,universal,nao declarado,engenharia_redes,outros,Vestibular,0.000000,1.000000,0.000000,Formatura
201171533,masculino,33,universal,particular,cic_bacharelado,df,Vestibular,0.333333,0.666667,0.000000,Novo Vestibular
201171537,masculino,18,universal,particular,engenharia_redes,df,Vestibular,0.562500,0.312500,0.125000,Deslig - Nao Cumpriu condicao
200826979,masculino,18,universal,nao declarado,engenharia_mecatronica,outros,Vestibular,0.095238,0.904762,0.000000,Desligamento - Abandono
201114199,masculino,36,universal,publica,cic_licenciatura,df,Vestibular,0.105263,0.736842,0.157895,Deslig - Nao Cumpriu condicao
200532568,masculino,22,universal,nao declarado,cic_bacharelado,outros,Vestibular,0.553571,0.446429,0.000000,Deslig - Nao Cumpriu condicao
200131164,masculino,20,universal,nao declarado,engenharia_redes,df,Vestibular,0.000000,1.000000,0.000000,Formatura
201163358,masculino,21,universal,particular,engenharia_computacao,df,SISU,0.000000,1.000000,0.000000,Novo Vestibular
201114207,masculino,20,negro,particular,cic_licenciatura,df,Vestibular,0.266667,0.600000,0.133333,Deslig - Nao Cumpriu condicao
200524387,masculino,18,universal,particular,cic_bacharelado,outros,PAS,0.036364,0.963636,0.000000,Formatura
201114213,masculino,19,universal,publica,engenharia_software,outros,Vestibular,0.384615,0.512821,0.102564,Deslig - Nao Cumpriu condicao
201171559,masculino,30,universal,particular,cic_licenciatura,df,Vestibular,0.500000,0.500000,0.000000,Deslig - Nao Cumpriu condicao
201082745,masculino,21,negro,publica,cic_bacharelado,df,Vestibular,0.276596,0.659574,0.063830,Novo Vestibular
200999539,masculino,31,universal,nao declarado,cic_licenciatura,df,Vestibular,0.333333,0.666667,0.000000,Desligamento - Abandono
200639095,masculino,22,negro,nao declarado,cic_licenciatura,df,Vestibular,0.192308,0.788462,0.019231,Formatura
200344184,feminino,19,universal,nao declarado,cic_bacharelado,df,Vestibular,0.000000,0.982143,0.017857,Formatura
200172154,masculino,26,universal,nao declarado,cic_licenciatura,df,Vestibular,0.176471,0.803922,0.019608,Formatura
200581755,masculino,20,universal,nao declarado,cic_bacharelado,df,Vestibular,0.575000,0.425000,0.000000,Deslig - Nao Cumpriu condicao
200417386,masculino,19,universal,nao declarado,engenharia_mecatronica,outros,PAS,0.000000,1.000000,0.000000,Formatura
200532606,masculino,18,universal,nao declarado,engenharia_mecatronica,outros,Vestibular,0.049180,0.950820,0.000000,Formatura
201171584,masculino,19,universal,particular,cic_licenciatura,outros,Vestibular,0.800000,0.200000,0.000000,Deslig - Nao Cumpriu condicao
201048708,masculino,18,universal,publica,engenharia_software,df,Vestibular,0.139535,0.860465,0.000000,Desligamento - Abandono
